Wr:	   6.10117 kcal/mol
Wcorr:	  -0.00000 kcal/mol
Wtot:	   6.10117 kcal/mol
